MarkerName	Chr	Position	Pvalue
rs6684820	1	1114526	0.007827
rs9729550	1	1125105	0.007386
rs7515488	1	1153667	0.002895
rs2649588	1	1303878	0.007194
rs2139063	1	2024822	0.0003486
rs10910030	1	2025544	0.002083
rs10752741	1	2025659	0.003231
rs10797413	1	2026123	0.001975
rs1878752	1	2029579	6.756E-6
rs4648808	1	2030796	0.00008201
rs10174612	2	231669	0.009666
rs4255987	2	249296	0.009799
rs10188763	2	250677	0.009322
rs4447635	2	255970	0.008628
rs10171043	2	256895	0.008628
rs6755722	2	259352	0.007881
rs4452185	2	266346	0.00872
rs7573495	2	266942	0.008665
rs11127466	2	268752	0.008958
rs10203722	2	269266	0.008811
rs771958	3	3129083	0.001042
rs334793	3	3129931	0.003143
rs1153465	3	3130665	0.006659
rs1153463	3	3131501	0.003273
rs9808896	3	3132618	0.002864
rs1153459	3	3133485	0.00379
rs7644488	3	3533481	0.0009827
rs2322424	3	3889854	0.001115
rs2633820	3	3890943	0.001097
rs2633821	3	3891076	0.000912
rs10012461	4	563421	0.006519
rs13116407	4	587920	0.006669
rs6856425	4	966918	0.0093
rs13122925	4	2684936	0.009498
rs3733226	4	2714735	0.008541
rs13121085	4	2725137	0.004143
rs13111143	4	2725245	0.003976
rs7689864	4	2845194	0.005339
rs2040061	4	2950253	0.008165
rs2471340	4	2962139	0.007617
rs2471339	4	2962833	0.007522
rs1684970	5	1914149	0.00989
rs4975758	5	1944174	0.004765
rs10866527	5	1944800	0.004854
rs10866528	5	1944821	0.004871
rs4975759	5	1945455	0.005341
rs12653946	5	1948829	0.004854
rs13177232	5	1949263	0.002063
rs13177600	5	1950179	0.001276
rs3815743	5	7940109	0.006426
rs817901	5	32776300	0.007329
rs11749133	5	32776840	0.008204
rs9503391	6	3032598	0.009082
rs7762469	6	3044151	0.003155
rs7745598	6	3044417	0.003553
rs9503399	6	3046675	0.005872
rs9501920	6	3051310	0.003172
rs9501924	6	3062520	0.009458
rs6940109	6	3588786	0.003835
rs13202552	6	3596621	0.0009549
rs10458159	6	3603851	0.0009935
rs7744388	6	3605991	0.004145
rs7741671	6	3608780	0.000903
rs2041010	7	21708401	0.007199
rs1023542	7	21711586	0.006895
rs2965402	7	21714472	0.007065
rs2965404	7	21716027	0.006989
rs763290	7	21717467	0.007025
rs9639435	7	22764660	0.008029
rs16873264	7	22768168	0.005713
rs17147258	7	22768833	0.005664
rs7782803	7	22770085	0.005809
rs11535173	7	22775526	0.008513
rs1975616	8	6343647	0.001287
rs1870	8	6345181	0.003616
rs2922804	8	6346432	0.005323
rs2167071	8	6346888	0.005331
rs2916702	8	6348588	0.002867
rs3020212	8	6356388	0.002894
rs2916755	8	6356758	0.002926
rs3020219	8	6360383	0.003998
rs13281117	8	6364285	0.002004
rs17077452	8	6382769	0.008161
rs12343894	9	2600747	0.009557
rs1869589	9	2609333	0.001903
rs10974960	9	5085842	0.009777
rs7870694	9	5090628	0.009411
rs7469563	9	5129489	0.009282
rs11792531	9	5142203	0.002822
rs12344729	9	5180147	0.009543
rs7869015	9	5189750	0.007397
rs395795	9	10048305	0.002775
rs367628	9	10048414	0.002778
rs407831	10	-1	0.003937
rs9416205	10	-1	0.00447
rs6602392	10	6118085	0.003063
rs4147359	10	6148445	0.009463
rs6602450	10	6193303	0.008496
rs2274359	10	6195812	0.008517
rs2274358	10	6195853	0.008531
rs1073646	10	6204316	0.008434
rs7910038	10	6571202	0.009505
rs11259289	10	6588962	0.007171
